#Efci:-75.5993068080
#    k iteration         Energy               dE           Nrvec ev      Nrm ev*         ||r||           Nshots
#--------------------------------------------------------------------------------------------------------------------
           1        -75.59720865139370      -0.03900616365296         1            32       +0.0283744720       2.178e+19
           2        -75.59882718072572      -0.00161852933202         2            64       +0.0061693667       4.356e+19
           3        -75.59903065414416      -0.00020347341844         3            96       +0.0010746013       6.534e+19
           4        -75.59903626122811      -0.00000560708395         4           128       +0.0001607927       8.712e+19
           5        -75.59903630295662      -0.00000004172851         5           160       +0.0001076275       1.089e+20
           6        -75.59903631680970      -0.00000001385308         6           192       +0.0001073834       1.307e+20
           7        -75.59903631514892      +0.00000000166078         7           224       +0.0001060701       1.525e+20
           8        -75.59903631511041      +0.00000000003851         8           256       +0.0001060541       1.742e+20
           9        -75.59903631510986      +0.00000000000055         9           288       +0.0001060500       1.960e+20