#Efci:-75.5993068080
#    k iteration         Energy               dE           Nrvec ev      Nrm ev*         ||r||           Nshots
#--------------------------------------------------------------------------------------------------------------------
           1        -75.5940774506      -0.0358749629         1            32       +0.0014666695       inf
           2        -75.5980408484      -0.0039633978         2            64       +0.0005623831       inf
           3        -75.5985819579      -0.0005411095         3            96       +0.0003414597       inf
           4        -75.5985592506      +0.0000227072         4           128       +0.0003398300       inf
           5        -75.5985613605      -0.0000021099         5           160       +0.0003389410       inf
           6        -75.5985616543      -0.0000002938         6           192       +0.0003389121       inf
           7        -75.5985618504      -0.0000001962         7           224       +0.0003388851       inf
           8        -75.5985618295      +0.0000000210         8           256       +0.0003388905       inf
           9        -75.5985618376      -0.0000000081         9           288       +0.0003388891       inf