#Efci:-15.6506872611
#    k iteration         Energy               dE           Nrvec ev      Nrm ev*         ||r||           Nshots
#--------------------------------------------------------------------------------------------------------------------
           1        -15.6490681778      -0.0243310530         1            38       +0.0164039084       inf
           2        -15.6503374524      -0.0012692746         2            76       +0.0055926011       inf
           3        -15.6502730105      +0.0000644419         3           114       +0.0045222111       inf
           4        -15.6502944463      -0.0000214358         4           152       +0.0045691160       inf
           5        -15.6502929035      +0.0000015428         5           190       +0.0045696212       inf
           6        -15.6502931718      -0.0000002684         6           228       +0.0045694914       inf
           7        -15.6502931503      +0.0000000215         7           266       +0.0045692336       inf
           8        -15.6502931499      +0.0000000004         8           304       +0.0045692281       inf