#Efci:-75.5993068080
#    k iteration         Energy               dE           Nrvec ev      Nrm ev*         ||r||           Nshots
#--------------------------------------------------------------------------------------------------------------------
           1        -75.5923570943      -0.0341546066         1            32       +0.0301126791       inf
           2        -75.5936975817      -0.0013404874         2            64       +0.0045819313       inf
           3        -75.5939362790      -0.0002386973         3            96       +0.0007511875       inf
           4        -75.5938434666      +0.0000928125         4           128       +0.0001341660       inf
           5        -75.5938552501      -0.0000117835         5           160       +0.0000780308       inf
           6        -75.5938547582      +0.0000004919         6           192       +0.0000794230       inf
           7        -75.5938545407      +0.0000002175         7           224       +0.0000793349       inf
           8        -75.5938545543      -0.0000000136         8           256       +0.0000792897       inf
           9        -75.5938545492      +0.0000000051         9           288       +0.0000792991       inf