#Efci:-15.6506872611
#    k iteration         Energy               dE           Nrvec ev      Nrm ev*         ||r||           Nshots
#--------------------------------------------------------------------------------------------------------------------
           1        -15.6480529937      -0.0233158690         1            38       +0.0043729759       inf
           2        -15.6498969196      -0.0018439259         2            76       +0.0015066062       inf
           3        -15.6496855442      +0.0002113755         3           114       +0.0011127201       inf
           4        -15.6497208907      -0.0000353465         4           152       +0.0011378567       inf
           5        -15.6497179703      +0.0000029203         5           190       +0.0011396647       inf
           6        -15.6497184605      -0.0000004902         6           228       +0.0011395112       inf
           7        -15.6497184143      +0.0000000463         7           266       +0.0011393423       inf
           8        -15.6497184132      +0.0000000011         8           304       +0.0011393409       inf