#Efci:-15.6506872611
#    k iteration         Energy               dE           Nrvec ev      Nrm ev*         ||r||           Nshots
#--------------------------------------------------------------------------------------------------------------------
           1        -15.6479553325      -0.0232182077         1            38       +0.0004368947       inf
           2        -15.6498413577      -0.0018860252         2            76       +0.0001506890       inf
           3        -15.6496197598      +0.0002215979         3           114       +0.0001105451       inf
           4        -15.6496559370      -0.0000361772         4           152       +0.0001131433       inf
           5        -15.6496529423      +0.0000029947         5           190       +0.0001133416       inf
           6        -15.6496534493      -0.0000005071         6           228       +0.0001133250       inf
           7        -15.6496534013      +0.0000000480         7           266       +0.0001133071       inf
           8        -15.6496534002      +0.0000000011         8           304       +0.0001133070       inf