#Efci:-4.3360656518
#    k iteration         Energy               dE           Nrvec ev      Nrm ev*         ||r||           Nshots
#--------------------------------------------------------------------------------------------------------------------
           1        -4.3273112513      -0.1259278172         1           184       +0.0404128032       inf
           2        -4.3335915769      -0.0062803256         2           368       +0.0100998017       inf
           3        -4.3343065487      -0.0007149718         3           552       +0.0030262304       inf
           4        -4.3344958418      -0.0001892931         4           736       +0.0009410627       inf
           5        -4.3345245127      -0.0000286709         5           920       +0.0005120783       inf
           6        -4.3345310868      -0.0000065741         6          1104       +0.0003024867       inf
           7        -4.3345317523      -0.0000006655         7          1288       +0.0002705585       inf
           8        -4.3345317266      +0.0000000257         8          1472       +0.0002677996       inf
           9        -4.3345317285      -0.0000000019         9          1656       +0.0002686048       inf