#Efci:-4.3360656518
#    k iteration         Energy               dE           Nrvec ev      Nrm ev*         ||r||           Nshots
#--------------------------------------------------------------------------------------------------------------------
           1        -4.3274159077      -0.1260324736         1           184       +0.0008121677       inf
           2        -4.3336087240      -0.0061928164         2           368       +0.0002019453       inf
           3        -4.3343197679      -0.0007110439         3           552       +0.0000600984       inf
           4        -4.3344974557      -0.0001776878         4           736       +0.0000186612       inf
           5        -4.3345261060      -0.0000286503         5           920       +0.0000101926       inf
           6        -4.3345321359      -0.0000060299         6          1104       +0.0000059639       inf
           7        -4.3345327570      -0.0000006211         7          1288       +0.0000053530       inf
           8        -4.3345327076      +0.0000000494         8          1472       +0.0000053021       inf
           9        -4.3345327020      +0.0000000056         9          1656       +0.0000053193       inf