#Efci:-75.5993068080
#    k iteration         Energy               dE           Nrvec ev      Nrm ev*         ||r||           Nshots
#--------------------------------------------------------------------------------------------------------------------
           1        -75.5530289951      +0.0051734927         1            32       +0.1131859111       inf
           2        -75.5520727293      +0.0009562658         2            64       +0.1195324142       inf
           3        -75.5548956816      -0.0028229523         3            96       +0.1222611339       inf
           4        -75.5561537818      -0.0012581002         4           128       +0.1218718289       inf
           5        -75.5560131709      +0.0001406109         5           160       +0.1215135107       inf
           6        -75.5559732544      +0.0000399165         6           192       +0.1215018858       inf
           7        -75.5559679733      +0.0000052811         7           224       +0.1215115969       inf
           8        -75.5559679829      -0.0000000096         8           256       +0.1215126446       inf