#Efci:-4.3360656518
#    k iteration         Energy               dE           Nrvec ev      Nrm ev*         ||r||           Nshots
#--------------------------------------------------------------------------------------------------------------------
           1        -4.3274149600      -0.1260315260         1           184       +0.0040606495       inf
           2        -4.3336085852      -0.0061936252         2           368       +0.0010097277       inf
           3        -4.3343196640      -0.0007110788         3           552       +0.0003005121       inf
           4        -4.3344974599      -0.0001777958         4           736       +0.0000933133       inf
           5        -4.3345261098      -0.0000286499         5           920       +0.0000509654       inf
           6        -4.3345321447      -0.0000060350         6          1104       +0.0000298234       inf
           7        -4.3345327662      -0.0000006214         7          1288       +0.0000267680       inf
           8        -4.3345327170      +0.0000000492         8          1472       +0.0000265132       inf
           9        -4.3345327115      +0.0000000056         9          1656       +0.0000265988       inf